set1_score: 0.870000000000
set2_score: 0.991145833333
set3_score: 0.868437500000
Duration: 0
